#brick_id brick_type brick_x_pos brick_y_pos brick_z_pos brick_yaw_rotated
1 1 0 -3.46945e-18 0.1 0
2 3 0.470094 -3.46945e-18 0.1 0
3 2 1.39171 -3.46945e-18 0.1 0
4 4 2.91114 -3.46945e-18 0.1 0
5 4 4.73264 -3.46945e-18 0.1 0
6 2 6.25747 -3.46945e-18 0.1 0
7 3 7.17478 -3.46945e-18 0.1 0
8 1 7.6359 -3.46945e-18 0.1 0
9 2 0.448768 -3.46945e-18 0.3 0
10 3 1.36106 -3.46945e-18 0.3 0
11 3 1.97262 -3.46945e-18 0.3 0
12 1 2.4321 -3.46945e-18 0.3 0
13 1 2.74451 -3.46945e-18 0.3 0
14 1 3.05902 -3.46945e-18 0.3 0
15 1 3.36394 -3.46945e-18 0.3 0
16 3 3.81919 -3.46945e-18 0.3 0
17 1 4.27536 -3.46945e-18 0.3 0
18 1 4.58713 -3.46945e-18 0.3 0
19 1 4.89495 -3.46945e-18 0.3 0
20 1 5.20179 -3.46945e-18 0.3 0
21 3 5.66076 -3.46945e-18 0.3 0
22 3 6.27465 -3.46945e-18 0.3 0
23 2 7.18451 -3.46945e-18 0.3 0
24 2 7.18451 -3.46945e-18 0.7 0
25 3 6.27465 -3.46945e-18 0.7 0
26 3 5.66076 -3.46945e-18 0.7 0
27 1 5.20179 -3.46945e-18 0.7 0
28 1 4.89495 -3.46945e-18 0.7 0
29 1 4.58713 -3.46945e-18 0.7 0
30 1 4.27536 -3.46945e-18 0.7 0
31 3 3.81919 -3.46945e-18 0.7 0
32 1 3.36394 -3.46945e-18 0.7 0
33 1 3.05902 -3.46945e-18 0.7 0
34 1 2.74451 -3.46945e-18 0.7 0
35 1 2.4321 -3.46945e-18 0.7 0
36 3 1.97262 -3.46945e-18 0.7 0
37 3 1.36106 -3.46945e-18 0.7 0
38 2 0.448768 -3.46945e-18 0.7 0
39 1 7.6359 -3.46945e-18 0.5 0
40 3 7.17478 -3.46945e-18 0.5 0
41 2 6.25747 -3.46945e-18 0.5 0
42 4 4.73264 -3.46945e-18 0.5 0
43 4 2.91114 -3.46945e-18 0.5 0
44 2 1.39171 -3.46945e-18 0.5 0
45 3 0.470094 -3.46945e-18 0.5 0
46 1 0 -3.46945e-18 0.5 0
47 1 0 -3.46945e-18 1.3 0
48 3 0.470094 -3.46945e-18 1.3 0
49 2 1.39171 -3.46945e-18 1.3 0
50 4 2.91114 -3.46945e-18 1.3 0
51 4 4.73264 -3.46945e-18 1.3 0
52 2 6.25747 -3.46945e-18 1.3 0
53 3 7.17478 -3.46945e-18 1.3 0
54 1 7.6359 -3.46945e-18 1.3 0
55 2 0.448768 -3.46945e-18 1.5 0
56 3 1.36106 -3.46945e-18 1.5 0
57 3 1.97262 -3.46945e-18 1.5 0
58 1 2.4321 -3.46945e-18 1.5 0
59 1 2.74451 -3.46945e-18 1.5 0
60 1 3.05902 -3.46945e-18 1.5 0
61 1 3.36394 -3.46945e-18 1.5 0
62 3 3.81919 -3.46945e-18 1.5 0
63 1 4.27536 -3.46945e-18 1.5 0
64 1 4.58713 -3.46945e-18 1.5 0
65 1 4.89495 -3.46945e-18 1.5 0
66 1 5.20179 -3.46945e-18 1.5 0
67 3 5.66076 -3.46945e-18 1.5 0
68 3 6.27465 -3.46945e-18 1.5 0
69 2 7.18451 -3.46945e-18 1.5 0
70 2 7.18451 -3.46945e-18 1.1 0
71 3 6.27465 -3.46945e-18 1.1 0
72 3 5.66076 -3.46945e-18 1.1 0
73 1 5.20179 -3.46945e-18 1.1 0
74 1 4.89495 -3.46945e-18 1.1 0
75 1 4.58713 -3.46945e-18 1.1 0
76 1 4.27536 -3.46945e-18 1.1 0
77 3 3.81919 -3.46945e-18 1.1 0
78 1 3.36394 -3.46945e-18 1.1 0
79 1 3.05902 -3.46945e-18 1.1 0
80 1 2.74451 -3.46945e-18 1.1 0
81 1 2.4321 -3.46945e-18 1.1 0
82 3 1.97262 -3.46945e-18 1.1 0
83 3 1.36106 -3.46945e-18 1.1 0
84 2 0.448768 -3.46945e-18 1.1 0
85 1 7.6359 -3.46945e-18 0.9 0
86 3 7.17478 -3.46945e-18 0.9 0
87 2 6.25747 -3.46945e-18 0.9 0
88 4 4.73264 -3.46945e-18 0.9 0
89 4 2.91114 -3.46945e-18 0.9 0
90 2 1.39171 -3.46945e-18 0.9 0
91 3 0.470094 -3.46945e-18 0.9 0
92 1 0 -3.46945e-18 0.9 0
93 1 0 -3.46945e-18 1.7 0
94 3 0.470094 -3.46945e-18 1.7 0
95 2 1.39171 -3.46945e-18 1.7 0
96 4 2.91114 -3.46945e-18 1.7 0
97 4 4.73264 -3.46945e-18 1.7 0
98 2 6.25747 -3.46945e-18 1.7 0
99 3 7.17478 -3.46945e-18 1.7 0
100 1 7.6359 -3.46945e-18 1.7 0
101 2 0.448768 -3.46945e-18 1.9 0
102 3 1.36106 -3.46945e-18 1.9 0
103 3 1.97262 -3.46945e-18 1.9 0
104 1 2.4321 -3.46945e-18 1.9 0
105 1 2.74451 -3.46945e-18 1.9 0
106 1 3.05902 -3.46945e-18 1.9 0
107 1 3.36394 -3.46945e-18 1.9 0
108 3 3.81919 -3.46945e-18 1.9 0
109 1 4.27536 -3.46945e-18 1.9 0
110 1 4.58713 -3.46945e-18 1.9 0
111 1 4.89495 -3.46945e-18 1.9 0
112 1 5.20179 -3.46945e-18 1.9 0
113 3 5.66076 -3.46945e-18 1.9 0
114 3 6.27465 -3.46945e-18 1.9 0
115 2 7.18451 -3.46945e-18 1.9 0
116 2 7.18451 -3.46945e-18 2.3 0
117 3 6.27465 -3.46945e-18 2.3 0
118 3 5.66076 -3.46945e-18 2.3 0
119 1 5.20179 -3.46945e-18 2.3 0
120 1 4.89495 -3.46945e-18 2.3 0
121 1 4.58713 -3.46945e-18 2.3 0
122 1 4.27536 -3.46945e-18 2.3 0
123 3 3.81919 -3.46945e-18 2.3 0
124 1 3.36394 -3.46945e-18 2.3 0
125 1 3.05902 -3.46945e-18 2.3 0
126 1 2.74451 -3.46945e-18 2.3 0
127 1 2.4321 -3.46945e-18 2.3 0
128 3 1.97262 -3.46945e-18 2.3 0
129 3 1.36106 -3.46945e-18 2.3 0
130 2 0.448768 -3.46945e-18 2.3 0
131 1 7.6359 -3.46945e-18 2.1 0
132 3 7.17478 -3.46945e-18 2.1 0
133 2 6.25747 -3.46945e-18 2.1 0
134 4 4.73264 -3.46945e-18 2.1 0
135 4 2.91114 -3.46945e-18 2.1 0
136 2 1.39171 -3.46945e-18 2.1 0
137 3 0.470094 -3.46945e-18 2.1 0
138 1 0 -3.46945e-18 2.1 0
139 1 0 -3.46945e-18 2.5 0
140 3 0.470094 -3.46945e-18 2.5 0
141 2 1.39171 -3.46945e-18 2.5 0
142 4 2.91114 -3.46945e-18 2.5 0
143 4 4.73264 -3.46945e-18 2.5 0
144 2 6.25747 -3.46945e-18 2.5 0
145 3 7.17478 -3.46945e-18 2.5 0
146 1 7.6359 -3.46945e-18 2.5 0
147 2 0.448768 -3.46945e-18 2.7 0
148 3 1.36106 -3.46945e-18 2.7 0
149 3 1.97262 -3.46945e-18 2.7 0
150 1 2.4321 -3.46945e-18 2.7 0
151 1 2.74451 -3.46945e-18 2.7 0
152 1 3.05902 -3.46945e-18 2.7 0
153 1 3.36394 -3.46945e-18 2.7 0
154 3 3.81919 -3.46945e-18 2.7 0
155 1 4.27536 -3.46945e-18 2.7 0
156 1 4.58713 -3.46945e-18 2.7 0
157 1 4.89495 -3.46945e-18 2.7 0
158 1 5.20179 -3.46945e-18 2.7 0
159 3 5.66076 -3.46945e-18 2.7 0
160 3 6.27465 -3.46945e-18 2.7 0
161 2 7.18451 -3.46945e-18 2.7 0
162 2 7.18451 -3.46945e-18 3.1 0
163 3 6.27465 -3.46945e-18 3.1 0
164 3 5.66076 -3.46945e-18 3.1 0
165 1 5.20179 -3.46945e-18 3.1 0
166 1 4.89495 -3.46945e-18 3.1 0
167 1 4.58713 -3.46945e-18 3.1 0
168 1 4.27536 -3.46945e-18 3.1 0
169 3 3.81919 -3.46945e-18 3.1 0
170 1 3.36394 -3.46945e-18 3.1 0
171 1 3.05902 -3.46945e-18 3.1 0
172 1 2.74451 -3.46945e-18 3.1 0
173 1 2.4321 -3.46945e-18 3.1 0
174 3 1.97262 -3.46945e-18 3.1 0
175 3 1.36106 -3.46945e-18 3.1 0
176 2 0.448768 -3.46945e-18 3.1 0
177 1 7.6359 -3.46945e-18 2.9 0
178 3 7.17478 -3.46945e-18 2.9 0
179 2 6.25747 -3.46945e-18 2.9 0
180 4 4.73264 -3.46945e-18 2.9 0
181 4 2.91114 -3.46945e-18 2.9 0
182 2 1.39171 -3.46945e-18 2.9 0
183 3 0.470094 -3.46945e-18 2.9 0
184 1 0 -3.46945e-18 2.9 0
185 1 0 -3.46945e-18 3.3 0
186 3 0.470094 -3.46945e-18 3.3 0
187 2 1.39171 -3.46945e-18 3.3 0
188 4 2.91114 -3.46945e-18 3.3 0
189 4 4.73264 -3.46945e-18 3.3 0
190 2 6.25747 -3.46945e-18 3.3 0
191 3 7.17478 -3.46945e-18 3.3 0
192 1 7.6359 -3.46945e-18 3.3 0
193 2 0.448768 -3.46945e-18 3.5 0
194 3 1.36106 -3.46945e-18 3.5 0
195 3 1.97262 -3.46945e-18 3.5 0
196 1 2.4321 -3.46945e-18 3.5 0
197 1 2.74451 -3.46945e-18 3.5 0
198 1 3.05902 -3.46945e-18 3.5 0
199 1 3.36394 -3.46945e-18 3.5 0
200 3 3.81919 -3.46945e-18 3.5 0
201 1 4.27536 -3.46945e-18 3.5 0
202 1 4.58713 -3.46945e-18 3.5 0
203 1 4.89495 -3.46945e-18 3.5 0
204 1 5.20179 -3.46945e-18 3.5 0
205 3 5.66076 -3.46945e-18 3.5 0
206 3 6.27465 -3.46945e-18 3.5 0
207 2 7.18451 -3.46945e-18 3.5 0
208 2 7.18451 -3.46945e-18 3.9 0
209 3 6.27465 -3.46945e-18 3.9 0
210 3 5.66076 -3.46945e-18 3.9 0
211 1 5.20179 -3.46945e-18 3.9 0
212 1 4.89495 -3.46945e-18 3.9 0
213 1 4.58713 -3.46945e-18 3.9 0
214 1 4.27536 -3.46945e-18 3.9 0
215 3 3.81919 -3.46945e-18 3.9 0
216 1 3.36394 -3.46945e-18 3.9 0
217 1 3.05902 -3.46945e-18 3.9 0
218 1 2.74451 -3.46945e-18 3.9 0
219 1 2.4321 -3.46945e-18 3.9 0
220 3 1.97262 -3.46945e-18 3.9 0
221 3 1.36106 -3.46945e-18 3.9 0
222 2 0.448768 -3.46945e-18 3.9 0
223 1 7.6359 -3.46945e-18 3.7 0
224 3 7.17478 -3.46945e-18 3.7 0
225 2 6.25747 -3.46945e-18 3.7 0
226 4 4.73264 -3.46945e-18 3.7 0
227 4 2.91114 -3.46945e-18 3.7 0
228 2 1.39171 -3.46945e-18 3.7 0
229 3 0.470094 -3.46945e-18 3.7 0
230 1 0 -3.46945e-18 3.7 0
231 1 0 -3.46945e-18 4.1 0
232 3 0.470094 -3.46945e-18 4.1 0
233 2 1.39171 -3.46945e-18 4.1 0
234 4 2.91114 -3.46945e-18 4.1 0
235 4 4.73264 -3.46945e-18 4.1 0
236 2 6.25747 -3.46945e-18 4.1 0
237 3 7.17478 -3.46945e-18 4.1 0
238 1 7.6359 -3.46945e-18 4.1 0
239 2 0.448768 -3.46945e-18 4.3 0
240 3 1.36106 -3.46945e-18 4.3 0
241 3 1.97262 -3.46945e-18 4.3 0
242 1 2.4321 -3.46945e-18 4.3 0
243 1 2.74451 -3.46945e-18 4.3 0
244 1 3.05902 -3.46945e-18 4.3 0
245 1 3.36394 -3.46945e-18 4.3 0
246 3 3.81919 -3.46945e-18 4.3 0
247 1 4.27536 -3.46945e-18 4.3 0
248 1 4.58713 -3.46945e-18 4.3 0
249 1 4.89495 -3.46945e-18 4.3 0
250 1 5.20179 -3.46945e-18 4.3 0
251 3 5.66076 -3.46945e-18 4.3 0
252 3 6.27465 -3.46945e-18 4.3 0
253 2 7.18451 -3.46945e-18 4.3 0
254 2 7.18451 -3.46945e-18 8.7 0
255 3 6.27465 -3.46945e-18 8.7 0
256 3 5.66076 -3.46945e-18 8.7 0
257 1 5.20179 -3.46945e-18 8.7 0
258 1 4.89495 -3.46945e-18 8.7 0
259 1 4.58713 -3.46945e-18 8.7 0
260 1 4.27536 -3.46945e-18 8.7 0
261 3 3.81919 -3.46945e-18 8.7 0
262 1 3.36394 -3.46945e-18 8.7 0
263 1 3.05902 -3.46945e-18 8.7 0
264 1 2.74451 -3.46945e-18 8.7 0
265 1 2.4321 -3.46945e-18 8.7 0
266 3 1.97262 -3.46945e-18 8.7 0
267 3 1.36106 -3.46945e-18 8.7 0
268 2 0.448768 -3.46945e-18 8.7 0
269 1 7.6359 -3.46945e-18 8.5 0
270 3 7.17478 -3.46945e-18 8.5 0
271 2 6.25747 -3.46945e-18 8.5 0
272 4 4.73264 -3.46945e-18 8.5 0
273 4 2.91114 -3.46945e-18 8.5 0
274 2 1.39171 -3.46945e-18 8.5 0
275 3 0.470094 -3.46945e-18 8.5 0
276 1 0 -3.46945e-18 8.5 0
277 1 0 -3.46945e-18 8.1 0
278 3 0.470094 -3.46945e-18 8.1 0
279 2 1.39171 -3.46945e-18 8.1 0
280 4 2.91114 -3.46945e-18 8.1 0
281 4 4.73264 -3.46945e-18 8.1 0
282 2 6.25747 -3.46945e-18 8.1 0
283 3 7.17478 -3.46945e-18 8.1 0
284 1 7.6359 -3.46945e-18 8.1 0
285 2 0.448768 -3.46945e-18 8.3 0
286 3 1.36106 -3.46945e-18 8.3 0
287 3 1.97262 -3.46945e-18 8.3 0
288 1 2.4321 -3.46945e-18 8.3 0
289 1 2.74451 -3.46945e-18 8.3 0
290 1 3.05902 -3.46945e-18 8.3 0
291 1 3.36394 -3.46945e-18 8.3 0
292 3 3.81919 -3.46945e-18 8.3 0
293 1 4.27536 -3.46945e-18 8.3 0
294 1 4.58713 -3.46945e-18 8.3 0
295 1 4.89495 -3.46945e-18 8.3 0
296 1 5.20179 -3.46945e-18 8.3 0
297 3 5.66076 -3.46945e-18 8.3 0
298 3 6.27465 -3.46945e-18 8.3 0
299 2 7.18451 -3.46945e-18 8.3 0
300 2 7.18451 -3.46945e-18 7.9 0
301 3 6.27465 -3.46945e-18 7.9 0
302 3 5.66076 -3.46945e-18 7.9 0
303 1 5.20179 -3.46945e-18 7.9 0
304 1 4.89495 -3.46945e-18 7.9 0
305 1 4.58713 -3.46945e-18 7.9 0
306 1 4.27536 -3.46945e-18 7.9 0
307 3 3.81919 -3.46945e-18 7.9 0
308 1 3.36394 -3.46945e-18 7.9 0
309 1 3.05902 -3.46945e-18 7.9 0
310 1 2.74451 -3.46945e-18 7.9 0
311 1 2.4321 -3.46945e-18 7.9 0
312 3 1.97262 -3.46945e-18 7.9 0
313 3 1.36106 -3.46945e-18 7.9 0
314 2 0.448768 -3.46945e-18 7.9 0
315 1 7.6359 -3.46945e-18 7.7 0
316 3 7.17478 -3.46945e-18 7.7 0
317 2 6.25747 -3.46945e-18 7.7 0
318 4 4.73264 -3.46945e-18 7.7 0
319 4 2.91114 -3.46945e-18 7.7 0
320 2 1.39171 -3.46945e-18 7.7 0
321 3 0.470094 -3.46945e-18 7.7 0
322 1 0 -3.46945e-18 7.7 0
323 1 0 -3.46945e-18 7.3 0
324 3 0.470094 -3.46945e-18 7.3 0
325 2 1.39171 -3.46945e-18 7.3 0
326 4 2.91114 -3.46945e-18 7.3 0
327 4 4.73264 -3.46945e-18 7.3 0
328 2 6.25747 -3.46945e-18 7.3 0
329 3 7.17478 -3.46945e-18 7.3 0
330 1 7.6359 -3.46945e-18 7.3 0
331 2 0.448768 -3.46945e-18 7.5 0
332 3 1.36106 -3.46945e-18 7.5 0
333 3 1.97262 -3.46945e-18 7.5 0
334 1 2.4321 -3.46945e-18 7.5 0
335 1 2.74451 -3.46945e-18 7.5 0
336 1 3.05902 -3.46945e-18 7.5 0
337 1 3.36394 -3.46945e-18 7.5 0
338 3 3.81919 -3.46945e-18 7.5 0
339 1 4.27536 -3.46945e-18 7.5 0
340 1 4.58713 -3.46945e-18 7.5 0
341 1 4.89495 -3.46945e-18 7.5 0
342 1 5.20179 -3.46945e-18 7.5 0
343 3 5.66076 -3.46945e-18 7.5 0
344 3 6.27465 -3.46945e-18 7.5 0
345 2 7.18451 -3.46945e-18 7.5 0
346 2 7.18451 -3.46945e-18 7.1 0
347 3 6.27465 -3.46945e-18 7.1 0
348 3 5.66076 -3.46945e-18 7.1 0
349 1 5.20179 -3.46945e-18 7.1 0
350 1 4.89495 -3.46945e-18 7.1 0
351 1 4.58713 -3.46945e-18 7.1 0
352 1 4.27536 -3.46945e-18 7.1 0
353 3 3.81919 -3.46945e-18 7.1 0
354 1 3.36394 -3.46945e-18 7.1 0
355 1 3.05902 -3.46945e-18 7.1 0
356 1 2.74451 -3.46945e-18 7.1 0
357 1 2.4321 -3.46945e-18 7.1 0
358 3 1.97262 -3.46945e-18 7.1 0
359 3 1.36106 -3.46945e-18 7.1 0
360 2 0.448768 -3.46945e-18 7.1 0
361 1 7.6359 -3.46945e-18 6.9 0
362 3 7.17478 -3.46945e-18 6.9 0
363 2 6.25747 -3.46945e-18 6.9 0
364 4 4.73264 -3.46945e-18 6.9 0
365 4 2.91114 -3.46945e-18 6.9 0
366 2 1.39171 -3.46945e-18 6.9 0
367 3 0.470094 -3.46945e-18 6.9 0
368 1 0 -3.46945e-18 6.9 0
369 1 0 -3.46945e-18 6.5 0
370 3 0.470094 -3.46945e-18 6.5 0
371 2 1.39171 -3.46945e-18 6.5 0
372 4 2.91114 -3.46945e-18 6.5 0
373 4 4.73264 -3.46945e-18 6.5 0
374 2 6.25747 -3.46945e-18 6.5 0
375 3 7.17478 -3.46945e-18 6.5 0
376 1 7.6359 -3.46945e-18 6.5 0
377 2 0.448768 -3.46945e-18 6.7 0
378 3 1.36106 -3.46945e-18 6.7 0
379 3 1.97262 -3.46945e-18 6.7 0
380 1 2.4321 -3.46945e-18 6.7 0
381 1 2.74451 -3.46945e-18 6.7 0
382 1 3.05902 -3.46945e-18 6.7 0
383 1 3.36394 -3.46945e-18 6.7 0
384 3 3.81919 -3.46945e-18 6.7 0
385 1 4.27536 -3.46945e-18 6.7 0
386 1 4.58713 -3.46945e-18 6.7 0
387 1 4.89495 -3.46945e-18 6.7 0
388 1 5.20179 -3.46945e-18 6.7 0
389 3 5.66076 -3.46945e-18 6.7 0
390 3 6.27465 -3.46945e-18 6.7 0
391 2 7.18451 -3.46945e-18 6.7 0
392 2 7.18451 -3.46945e-18 6.3 0
393 3 6.27465 -3.46945e-18 6.3 0
394 3 5.66076 -3.46945e-18 6.3 0
395 1 5.20179 -3.46945e-18 6.3 0
396 1 4.89495 -3.46945e-18 6.3 0
397 1 4.58713 -3.46945e-18 6.3 0
398 1 4.27536 -3.46945e-18 6.3 0
399 3 3.81919 -3.46945e-18 6.3 0
400 1 3.36394 -3.46945e-18 6.3 0
401 1 3.05902 -3.46945e-18 6.3 0
402 1 2.74451 -3.46945e-18 6.3 0
403 1 2.4321 -3.46945e-18 6.3 0
404 3 1.97262 -3.46945e-18 6.3 0
405 3 1.36106 -3.46945e-18 6.3 0
406 2 0.448768 -3.46945e-18 6.3 0
407 1 7.6359 -3.46945e-18 6.1 0
408 3 7.17478 -3.46945e-18 6.1 0
409 2 6.25747 -3.46945e-18 6.1 0
410 4 4.73264 -3.46945e-18 6.1 0
411 4 2.91114 -3.46945e-18 6.1 0
412 2 1.39171 -3.46945e-18 6.1 0
413 3 0.470094 -3.46945e-18 6.1 0
414 1 0 -3.46945e-18 6.1 0
415 1 0 -3.46945e-18 5.3 0
416 3 0.470094 -3.46945e-18 5.3 0
417 2 1.39171 -3.46945e-18 5.3 0
418 4 2.91114 -3.46945e-18 5.3 0
419 4 4.73264 -3.46945e-18 5.3 0
420 2 6.25747 -3.46945e-18 5.3 0
421 3 7.17478 -3.46945e-18 5.3 0
422 1 7.6359 -3.46945e-18 5.3 0
423 2 0.448768 -3.46945e-18 5.5 0
424 3 1.36106 -3.46945e-18 5.5 0
425 3 1.97262 -3.46945e-18 5.5 0
426 1 2.4321 -3.46945e-18 5.5 0
427 1 2.74451 -3.46945e-18 5.5 0
428 1 3.05902 -3.46945e-18 5.5 0
429 1 3.36394 -3.46945e-18 5.5 0
430 3 3.81919 -3.46945e-18 5.5 0
431 1 4.27536 -3.46945e-18 5.5 0
432 1 4.58713 -3.46945e-18 5.5 0
433 1 4.89495 -3.46945e-18 5.5 0
434 1 5.20179 -3.46945e-18 5.5 0
435 3 5.66076 -3.46945e-18 5.5 0
436 3 6.27465 -3.46945e-18 5.5 0
437 2 7.18451 -3.46945e-18 5.5 0
438 2 7.18451 -3.46945e-18 5.9 0
439 3 6.27465 -3.46945e-18 5.9 0
440 3 5.66076 -3.46945e-18 5.9 0
441 1 5.20179 -3.46945e-18 5.9 0
442 1 4.89495 -3.46945e-18 5.9 0
443 1 4.58713 -3.46945e-18 5.9 0
444 1 4.27536 -3.46945e-18 5.9 0
445 3 3.81919 -3.46945e-18 5.9 0
446 1 3.36394 -3.46945e-18 5.9 0
447 1 3.05902 -3.46945e-18 5.9 0
448 1 2.74451 -3.46945e-18 5.9 0
449 1 2.4321 -3.46945e-18 5.9 0
450 3 1.97262 -3.46945e-18 5.9 0
451 3 1.36106 -3.46945e-18 5.9 0
452 2 0.448768 -3.46945e-18 5.9 0
453 1 7.6359 -3.46945e-18 5.7 0
454 3 7.17478 -3.46945e-18 5.7 0
455 2 6.25747 -3.46945e-18 5.7 0
456 4 4.73264 -3.46945e-18 5.7 0
457 4 2.91114 -3.46945e-18 5.7 0
458 2 1.39171 -3.46945e-18 5.7 0
459 3 0.470094 -3.46945e-18 5.7 0
460 1 0 -3.46945e-18 5.7 0
461 1 0 -3.46945e-18 4.9 0
462 3 0.470094 -3.46945e-18 4.9 0
463 2 1.39171 -3.46945e-18 4.9 0
464 4 2.91114 -3.46945e-18 4.9 0
465 4 4.73264 -3.46945e-18 4.9 0
466 2 6.25747 -3.46945e-18 4.9 0
467 3 7.17478 -3.46945e-18 4.9 0
468 1 7.6359 -3.46945e-18 4.9 0
469 2 0.448768 -3.46945e-18 5.1 0
470 3 1.36106 -3.46945e-18 5.1 0
471 3 1.97262 -3.46945e-18 5.1 0
472 1 2.4321 -3.46945e-18 5.1 0
473 1 2.74451 -3.46945e-18 5.1 0
474 1 3.05902 -3.46945e-18 5.1 0
475 1 3.36394 -3.46945e-18 5.1 0
476 3 3.81919 -3.46945e-18 5.1 0
477 1 4.27536 -3.46945e-18 5.1 0
478 1 4.58713 -3.46945e-18 5.1 0
479 1 4.89495 -3.46945e-18 5.1 0
480 1 5.20179 -3.46945e-18 5.1 0
481 3 5.66076 -3.46945e-18 5.1 0
482 3 6.27465 -3.46945e-18 5.1 0
483 2 7.18451 -3.46945e-18 5.1 0
484 2 7.18451 -3.46945e-18 4.7 0
485 3 6.27465 -3.46945e-18 4.7 0
486 3 5.66076 -3.46945e-18 4.7 0
487 1 5.20179 -3.46945e-18 4.7 0
488 1 4.89495 -3.46945e-18 4.7 0
489 1 4.58713 -3.46945e-18 4.7 0
490 1 4.27536 -3.46945e-18 4.7 0
491 3 3.81919 -3.46945e-18 4.7 0
492 1 3.36394 -3.46945e-18 4.7 0
493 1 3.05902 -3.46945e-18 4.7 0
494 1 2.74451 -3.46945e-18 4.7 0
495 1 2.4321 -3.46945e-18 4.7 0
496 3 1.97262 -3.46945e-18 4.7 0
497 3 1.36106 -3.46945e-18 4.7 0
498 2 0.448768 -3.46945e-18 4.7 0
499 1 7.6359 -3.46945e-18 4.5 0
500 3 7.17478 -3.46945e-18 4.5 0
501 2 6.25747 -3.46945e-18 4.5 0
502 4 4.73264 -3.46945e-18 4.5 0
503 4 2.91114 -3.46945e-18 4.5 0
504 2 1.39171 -3.46945e-18 4.5 0
505 3 0.470094 -3.46945e-18 4.5 0
506 1 0 -3.46945e-18 4.5 0
507 1 7.6359 -3.46945e-18 8.9 0
508 3 7.17478 -3.46945e-18 8.9 0
509 2 6.25747 -3.46945e-18 8.9 0
510 4 4.73264 -3.46945e-18 8.9 0
511 4 2.91114 -3.46945e-18 8.9 0
512 2 1.39171 -3.46945e-18 8.9 0
513 3 0.470094 -3.46945e-18 8.9 0
514 1 0 -3.46945e-18 8.9 0
515 1 7.6359 -3.46945e-18 9.1 0
516 3 7.16581 -3.46945e-18 9.1 0
517 2 6.2442 -3.46945e-18 9.1 0
518 4 4.72477 -3.46945e-18 9.1 0
519 4 2.90326 -3.46945e-18 9.1 0
520 2 1.37843 -3.46945e-18 9.1 0
521 3 0.461121 -3.46945e-18 9.1 0
522 1 0 -3.46945e-18 9.1 0
523 1 7.6359 -3.46945e-18 13.5 0
524 3 7.16581 -3.46945e-18 13.5 0
525 2 6.2442 -3.46945e-18 13.5 0
526 4 4.72477 -3.46945e-18 13.5 0
527 4 2.90326 -3.46945e-18 13.5 0
528 2 1.37843 -3.46945e-18 13.5 0
529 3 0.461121 -3.46945e-18 13.5 0
530 1 0 -3.46945e-18 13.5 0
531 2 7.18714 -3.46945e-18 13.3 0
532 3 6.27485 -3.46945e-18 13.3 0
533 3 5.66328 -3.46945e-18 13.3 0
534 1 5.2038 -3.46945e-18 13.3 0
535 1 4.89139 -3.46945e-18 13.3 0
536 1 4.57688 -3.46945e-18 13.3 0
537 1 4.27196 -3.46945e-18 13.3 0
538 3 3.81672 -3.46945e-18 13.3 0
539 1 3.36055 -3.46945e-18 13.3 0
540 1 3.04877 -3.46945e-18 13.3 0
541 1 2.74096 -3.46945e-18 13.3 0
542 1 2.43411 -3.46945e-18 13.3 0
543 3 1.97515 -3.46945e-18 13.3 0
544 3 1.36125 -3.46945e-18 13.3 0
545 2 0.451395 -3.46945e-18 13.3 0
546 2 0.451395 -3.46945e-18 12.9 0
547 3 1.36125 -3.46945e-18 12.9 0
548 3 1.97515 -3.46945e-18 12.9 0
549 1 2.43411 -3.46945e-18 12.9 0
550 1 2.74096 -3.46945e-18 12.9 0
551 1 3.04877 -3.46945e-18 12.9 0
552 1 3.36055 -3.46945e-18 12.9 0
553 3 3.81672 -3.46945e-18 12.9 0
554 1 4.27196 -3.46945e-18 12.9 0
555 1 4.57688 -3.46945e-18 12.9 0
556 1 4.89139 -3.46945e-18 12.9 0
557 1 5.2038 -3.46945e-18 12.9 0
558 3 5.66328 -3.46945e-18 12.9 0
559 3 6.27485 -3.46945e-18 12.9 0
560 2 7.18714 -3.46945e-18 12.9 0
561 1 0 -3.46945e-18 13.1 0
562 3 0.461121 -3.46945e-18 13.1 0
563 2 1.37843 -3.46945e-18 13.1 0
564 4 2.90326 -3.46945e-18 13.1 0
565 4 4.72477 -3.46945e-18 13.1 0
566 2 6.2442 -3.46945e-18 13.1 0
567 3 7.16581 -3.46945e-18 13.1 0
568 1 7.6359 -3.46945e-18 13.1 0
569 1 7.6359 -3.46945e-18 12.3 0
570 3 7.16581 -3.46945e-18 12.3 0
571 2 6.2442 -3.46945e-18 12.3 0
572 4 4.72477 -3.46945e-18 12.3 0
573 4 2.90326 -3.46945e-18 12.3 0
574 2 1.37843 -3.46945e-18 12.3 0
575 3 0.461121 -3.46945e-18 12.3 0
576 1 0 -3.46945e-18 12.3 0
577 2 7.18714 -3.46945e-18 12.1 0
578 3 6.27485 -3.46945e-18 12.1 0
579 3 5.66328 -3.46945e-18 12.1 0
580 1 5.2038 -3.46945e-18 12.1 0
581 1 4.89139 -3.46945e-18 12.1 0
582 1 4.57688 -3.46945e-18 12.1 0
583 1 4.27196 -3.46945e-18 12.1 0
584 3 3.81672 -3.46945e-18 12.1 0
585 1 3.36055 -3.46945e-18 12.1 0
586 1 3.04877 -3.46945e-18 12.1 0
587 1 2.74096 -3.46945e-18 12.1 0
588 1 2.43411 -3.46945e-18 12.1 0
589 3 1.97515 -3.46945e-18 12.1 0
590 3 1.36125 -3.46945e-18 12.1 0
591 2 0.451395 -3.46945e-18 12.1 0
592 2 0.451395 -3.46945e-18 12.5 0
593 3 1.36125 -3.46945e-18 12.5 0
594 3 1.97515 -3.46945e-18 12.5 0
595 1 2.43411 -3.46945e-18 12.5 0
596 1 2.74096 -3.46945e-18 12.5 0
597 1 3.04877 -3.46945e-18 12.5 0
598 1 3.36055 -3.46945e-18 12.5 0
599 3 3.81672 -3.46945e-18 12.5 0
600 1 4.27196 -3.46945e-18 12.5 0
601 1 4.57688 -3.46945e-18 12.5 0
602 1 4.89139 -3.46945e-18 12.5 0
603 1 5.2038 -3.46945e-18 12.5 0
604 3 5.66328 -3.46945e-18 12.5 0
605 3 6.27485 -3.46945e-18 12.5 0
606 2 7.18714 -3.46945e-18 12.5 0
607 1 0 -3.46945e-18 12.7 0
608 3 0.461121 -3.46945e-18 12.7 0
609 2 1.37843 -3.46945e-18 12.7 0
610 4 2.90326 -3.46945e-18 12.7 0
611 4 4.72477 -3.46945e-18 12.7 0
612 2 6.2442 -3.46945e-18 12.7 0
613 3 7.16581 -3.46945e-18 12.7 0
614 1 7.6359 -3.46945e-18 12.7 0
615 1 7.6359 -3.46945e-18 11.9 0
616 3 7.16581 -3.46945e-18 11.9 0
617 2 6.2442 -3.46945e-18 11.9 0
618 4 4.72477 -3.46945e-18 11.9 0
619 4 2.90326 -3.46945e-18 11.9 0
620 2 1.37843 -3.46945e-18 11.9 0
621 3 0.461121 -3.46945e-18 11.9 0
622 1 0 -3.46945e-18 11.9 0
623 2 7.18714 -3.46945e-18 11.7 0
624 3 6.27485 -3.46945e-18 11.7 0
625 3 5.66328 -3.46945e-18 11.7 0
626 1 5.2038 -3.46945e-18 11.7 0
627 1 4.89139 -3.46945e-18 11.7 0
628 1 4.57688 -3.46945e-18 11.7 0
629 1 4.27196 -3.46945e-18 11.7 0
630 3 3.81672 -3.46945e-18 11.7 0
631 1 3.36055 -3.46945e-18 11.7 0
632 1 3.04877 -3.46945e-18 11.7 0
633 1 2.74096 -3.46945e-18 11.7 0
634 1 2.43411 -3.46945e-18 11.7 0
635 3 1.97515 -3.46945e-18 11.7 0
636 3 1.36125 -3.46945e-18 11.7 0
637 2 0.451395 -3.46945e-18 11.7 0
638 2 0.451395 -3.46945e-18 11.3 0
639 3 1.36125 -3.46945e-18 11.3 0
640 3 1.97515 -3.46945e-18 11.3 0
641 1 2.43411 -3.46945e-18 11.3 0
642 1 2.74096 -3.46945e-18 11.3 0
643 1 3.04877 -3.46945e-18 11.3 0
644 1 3.36055 -3.46945e-18 11.3 0
645 3 3.81672 -3.46945e-18 11.3 0
646 1 4.27196 -3.46945e-18 11.3 0
647 1 4.57688 -3.46945e-18 11.3 0
648 1 4.89139 -3.46945e-18 11.3 0
649 1 5.2038 -3.46945e-18 11.3 0
650 3 5.66328 -3.46945e-18 11.3 0
651 3 6.27485 -3.46945e-18 11.3 0
652 2 7.18714 -3.46945e-18 11.3 0
653 1 0 -3.46945e-18 11.5 0
654 3 0.461121 -3.46945e-18 11.5 0
655 2 1.37843 -3.46945e-18 11.5 0
656 4 2.90326 -3.46945e-18 11.5 0
657 4 4.72477 -3.46945e-18 11.5 0
658 2 6.2442 -3.46945e-18 11.5 0
659 3 7.16581 -3.46945e-18 11.5 0
660 1 7.6359 -3.46945e-18 11.5 0
661 1 7.6359 -3.46945e-18 11.1 0
662 3 7.16581 -3.46945e-18 11.1 0
663 2 6.2442 -3.46945e-18 11.1 0
664 4 4.72477 -3.46945e-18 11.1 0
665 4 2.90326 -3.46945e-18 11.1 0
666 2 1.37843 -3.46945e-18 11.1 0
667 3 0.461121 -3.46945e-18 11.1 0
668 1 0 -3.46945e-18 11.1 0
669 2 7.18714 -3.46945e-18 10.9 0
670 3 6.27485 -3.46945e-18 10.9 0
671 3 5.66328 -3.46945e-18 10.9 0
672 1 5.2038 -3.46945e-18 10.9 0
673 1 4.89139 -3.46945e-18 10.9 0
674 1 4.57688 -3.46945e-18 10.9 0
675 1 4.27196 -3.46945e-18 10.9 0
676 3 3.81672 -3.46945e-18 10.9 0
677 1 3.36055 -3.46945e-18 10.9 0
678 1 3.04877 -3.46945e-18 10.9 0
679 1 2.74096 -3.46945e-18 10.9 0
680 1 2.43411 -3.46945e-18 10.9 0
681 3 1.97515 -3.46945e-18 10.9 0
682 3 1.36125 -3.46945e-18 10.9 0
683 2 0.451395 -3.46945e-18 10.9 0
684 2 0.451395 -3.46945e-18 10.5 0
685 3 1.36125 -3.46945e-18 10.5 0
686 3 1.97515 -3.46945e-18 10.5 0
687 1 2.43411 -3.46945e-18 10.5 0
688 1 2.74096 -3.46945e-18 10.5 0
689 1 3.04877 -3.46945e-18 10.5 0
690 1 3.36055 -3.46945e-18 10.5 0
691 3 3.81672 -3.46945e-18 10.5 0
692 1 4.27196 -3.46945e-18 10.5 0
693 1 4.57688 -3.46945e-18 10.5 0
694 1 4.89139 -3.46945e-18 10.5 0
695 1 5.2038 -3.46945e-18 10.5 0
696 3 5.66328 -3.46945e-18 10.5 0
697 3 6.27485 -3.46945e-18 10.5 0
698 2 7.18714 -3.46945e-18 10.5 0
699 1 0 -3.46945e-18 10.7 0
700 3 0.461121 -3.46945e-18 10.7 0
701 2 1.37843 -3.46945e-18 10.7 0
702 4 2.90326 -3.46945e-18 10.7 0
703 4 4.72477 -3.46945e-18 10.7 0
704 2 6.2442 -3.46945e-18 10.7 0
705 3 7.16581 -3.46945e-18 10.7 0
706 1 7.6359 -3.46945e-18 10.7 0
707 1 7.6359 -3.46945e-18 10.3 0
708 3 7.16581 -3.46945e-18 10.3 0
709 2 6.2442 -3.46945e-18 10.3 0
710 4 4.72477 -3.46945e-18 10.3 0
711 4 2.90326 -3.46945e-18 10.3 0
712 2 1.37843 -3.46945e-18 10.3 0
713 3 0.461121 -3.46945e-18 10.3 0
714 1 0 -3.46945e-18 10.3 0
715 2 7.18714 -3.46945e-18 10.1 0
716 3 6.27485 -3.46945e-18 10.1 0
717 3 5.66328 -3.46945e-18 10.1 0
718 1 5.2038 -3.46945e-18 10.1 0
719 1 4.89139 -3.46945e-18 10.1 0
720 1 4.57688 -3.46945e-18 10.1 0
721 1 4.27196 -3.46945e-18 10.1 0
722 3 3.81672 -3.46945e-18 10.1 0
723 1 3.36055 -3.46945e-18 10.1 0
724 1 3.04877 -3.46945e-18 10.1 0
725 1 2.74096 -3.46945e-18 10.1 0
726 1 2.43411 -3.46945e-18 10.1 0
727 3 1.97515 -3.46945e-18 10.1 0
728 3 1.36125 -3.46945e-18 10.1 0
729 2 0.451395 -3.46945e-18 10.1 0
730 2 0.451395 -3.46945e-18 9.7 0
731 3 1.36125 -3.46945e-18 9.7 0
732 3 1.97515 -3.46945e-18 9.7 0
733 1 2.43411 -3.46945e-18 9.7 0
734 1 2.74096 -3.46945e-18 9.7 0
735 1 3.04877 -3.46945e-18 9.7 0
736 1 3.36055 -3.46945e-18 9.7 0
737 3 3.81672 -3.46945e-18 9.7 0
738 1 4.27196 -3.46945e-18 9.7 0
739 1 4.57688 -3.46945e-18 9.7 0
740 1 4.89139 -3.46945e-18 9.7 0
741 1 5.2038 -3.46945e-18 9.7 0
742 3 5.66328 -3.46945e-18 9.7 0
743 3 6.27485 -3.46945e-18 9.7 0
744 2 7.18714 -3.46945e-18 9.7 0
745 1 0 -3.46945e-18 9.9 0
746 3 0.461121 -3.46945e-18 9.9 0
747 2 1.37843 -3.46945e-18 9.9 0
748 4 2.90326 -3.46945e-18 9.9 0
749 4 4.72477 -3.46945e-18 9.9 0
750 2 6.2442 -3.46945e-18 9.9 0
751 3 7.16581 -3.46945e-18 9.9 0
752 1 7.6359 -3.46945e-18 9.9 0
753 1 7.6359 -3.46945e-18 9.5 0
754 3 7.16581 -3.46945e-18 9.5 0
755 2 6.2442 -3.46945e-18 9.5 0
756 4 4.72477 -3.46945e-18 9.5 0
757 4 2.90326 -3.46945e-18 9.5 0
758 2 1.37843 -3.46945e-18 9.5 0
759 3 0.461121 -3.46945e-18 9.5 0
760 1 0 -3.46945e-18 9.5 0
761 2 7.18714 -3.46945e-18 9.3 0
762 3 6.27485 -3.46945e-18 9.3 0
763 3 5.66328 -3.46945e-18 9.3 0
764 1 5.2038 -3.46945e-18 9.3 0
765 1 4.89139 -3.46945e-18 9.3 0
766 1 4.57688 -3.46945e-18 9.3 0
767 1 4.27196 -3.46945e-18 9.3 0
768 3 3.81672 -3.46945e-18 9.3 0
769 1 3.36055 -3.46945e-18 9.3 0
770 1 3.04877 -3.46945e-18 9.3 0
771 1 2.74096 -3.46945e-18 9.3 0
772 1 2.43411 -3.46945e-18 9.3 0
773 3 1.97515 -3.46945e-18 9.3 0
774 3 1.36125 -3.46945e-18 9.3 0
775 2 0.451395 -3.46945e-18 9.3 0
776 2 0.451395 -3.46945e-18 13.7 0
777 3 1.36125 -3.46945e-18 13.7 0
778 3 1.97515 -3.46945e-18 13.7 0
779 1 2.43411 -3.46945e-18 13.7 0
780 1 2.74096 -3.46945e-18 13.7 0
781 1 3.04877 -3.46945e-18 13.7 0
782 1 3.36055 -3.46945e-18 13.7 0
783 3 3.81672 -3.46945e-18 13.7 0
784 1 4.27196 -3.46945e-18 13.7 0
785 1 4.57688 -3.46945e-18 13.7 0
786 1 4.89139 -3.46945e-18 13.7 0
787 1 5.2038 -3.46945e-18 13.7 0
788 3 5.66328 -3.46945e-18 13.7 0
789 3 6.27485 -3.46945e-18 13.7 0
790 2 7.18714 -3.46945e-18 13.7 0
791 1 0 -3.46945e-18 13.9 0
792 3 0.461121 -3.46945e-18 13.9 0
793 2 1.37843 -3.46945e-18 13.9 0
794 4 2.90326 -3.46945e-18 13.9 0
795 4 4.72477 -3.46945e-18 13.9 0
796 2 6.2442 -3.46945e-18 13.9 0
797 3 7.16581 -3.46945e-18 13.9 0
798 1 7.6359 -3.46945e-18 13.9 0
799 1 7.6359 -3.46945e-18 14.3 0
800 3 7.16581 -3.46945e-18 14.3 0
801 2 6.2442 -3.46945e-18 14.3 0
802 4 4.72477 -3.46945e-18 14.3 0
803 4 2.90326 -3.46945e-18 14.3 0
804 2 1.37843 -3.46945e-18 14.3 0
805 3 0.461121 -3.46945e-18 14.3 0
806 1 0 -3.46945e-18 14.3 0
807 2 7.18714 -3.46945e-18 14.1 0
808 3 6.27485 -3.46945e-18 14.1 0
809 3 5.66328 -3.46945e-18 14.1 0
810 1 5.2038 -3.46945e-18 14.1 0
811 1 4.89139 -3.46945e-18 14.1 0
812 1 4.57688 -3.46945e-18 14.1 0
813 1 4.27196 -3.46945e-18 14.1 0
814 3 3.81672 -3.46945e-18 14.1 0
815 1 3.36055 -3.46945e-18 14.1 0
816 1 3.04877 -3.46945e-18 14.1 0
817 1 2.74096 -3.46945e-18 14.1 0
818 1 2.43411 -3.46945e-18 14.1 0
819 3 1.97515 -3.46945e-18 14.1 0
820 3 1.36125 -3.46945e-18 14.1 0
821 2 0.451395 -3.46945e-18 14.1 0
822 2 0.451395 -3.46945e-18 14.5 0
823 3 1.36125 -3.46945e-18 14.5 0
824 3 1.97515 -3.46945e-18 14.5 0
825 1 2.43411 -3.46945e-18 14.5 0
826 1 2.74096 -3.46945e-18 14.5 0
827 1 3.04877 -3.46945e-18 14.5 0
828 1 3.36055 -3.46945e-18 14.5 0
829 3 3.81672 -3.46945e-18 14.5 0
830 1 4.27196 -3.46945e-18 14.5 0
831 1 4.57688 -3.46945e-18 14.5 0
832 1 4.89139 -3.46945e-18 14.5 0
833 1 5.2038 -3.46945e-18 14.5 0
834 3 5.66328 -3.46945e-18 14.5 0
835 3 6.27485 -3.46945e-18 14.5 0
836 2 7.18714 -3.46945e-18 14.5 0
837 1 0 -3.46945e-18 14.7 0
838 3 0.461121 -3.46945e-18 14.7 0
839 2 1.37843 -3.46945e-18 14.7 0
840 4 2.90326 -3.46945e-18 14.7 0
841 4 4.72477 -3.46945e-18 14.7 0
842 2 6.2442 -3.46945e-18 14.7 0
843 3 7.16581 -3.46945e-18 14.7 0
844 1 7.6359 -3.46945e-18 14.7 0
845 1 7.6359 -3.46945e-18 15.1 0
846 3 7.16581 -3.46945e-18 15.1 0
847 2 6.2442 -3.46945e-18 15.1 0
848 4 4.72477 -3.46945e-18 15.1 0
849 4 2.90326 -3.46945e-18 15.1 0
850 2 1.37843 -3.46945e-18 15.1 0
851 3 0.461121 -3.46945e-18 15.1 0
852 1 0 -3.46945e-18 15.1 0
853 2 7.18714 -3.46945e-18 14.9 0
854 3 6.27485 -3.46945e-18 14.9 0
855 3 5.66328 -3.46945e-18 14.9 0
856 1 5.2038 -3.46945e-18 14.9 0
857 1 4.89139 -3.46945e-18 14.9 0
858 1 4.57688 -3.46945e-18 14.9 0
859 1 4.27196 -3.46945e-18 14.9 0
860 3 3.81672 -3.46945e-18 14.9 0
861 1 3.36055 -3.46945e-18 14.9 0
862 1 3.04877 -3.46945e-18 14.9 0
863 1 2.74096 -3.46945e-18 14.9 0
864 1 2.43411 -3.46945e-18 14.9 0
865 3 1.97515 -3.46945e-18 14.9 0
866 3 1.36125 -3.46945e-18 14.9 0
867 2 0.451395 -3.46945e-18 14.9 0
868 2 0.451395 -3.46945e-18 15.3 0
869 3 1.36125 -3.46945e-18 15.3 0
870 3 1.97515 -3.46945e-18 15.3 0
871 1 2.43411 -3.46945e-18 15.3 0
872 1 2.74096 -3.46945e-18 15.3 0
873 1 3.04877 -3.46945e-18 15.3 0
874 1 3.36055 -3.46945e-18 15.3 0
875 3 3.81672 -3.46945e-18 15.3 0
876 1 4.27196 -3.46945e-18 15.3 0
877 1 4.57688 -3.46945e-18 15.3 0
878 1 4.89139 -3.46945e-18 15.3 0
879 1 5.2038 -3.46945e-18 15.3 0
880 3 5.66328 -3.46945e-18 15.3 0
881 3 6.27485 -3.46945e-18 15.3 0
882 2 7.18714 -3.46945e-18 15.3 0
883 1 0 -3.46945e-18 15.5 0
884 3 0.461121 -3.46945e-18 15.5 0
885 2 1.37843 -3.46945e-18 15.5 0
886 4 2.90326 -3.46945e-18 15.5 0
887 4 4.72477 -3.46945e-18 15.5 0
888 2 6.2442 -3.46945e-18 15.5 0
889 3 7.16581 -3.46945e-18 15.5 0
890 1 7.6359 -3.46945e-18 15.5 0
891 1 7.6359 -3.46945e-18 15.9 0
892 3 7.16581 -3.46945e-18 15.9 0
893 2 6.2442 -3.46945e-18 15.9 0
894 4 4.72477 -3.46945e-18 15.9 0
895 4 2.90326 -3.46945e-18 15.9 0
896 2 1.37843 -3.46945e-18 15.9 0
897 3 0.461121 -3.46945e-18 15.9 0
898 1 0 -3.46945e-18 15.9 0
899 2 7.18714 -3.46945e-18 15.7 0
900 3 6.27485 -3.46945e-18 15.7 0
901 3 5.66328 -3.46945e-18 15.7 0
902 1 5.2038 -3.46945e-18 15.7 0
903 1 4.89139 -3.46945e-18 15.7 0
904 1 4.57688 -3.46945e-18 15.7 0
905 1 4.27196 -3.46945e-18 15.7 0
906 3 3.81672 -3.46945e-18 15.7 0
907 1 3.36055 -3.46945e-18 15.7 0
908 1 3.04877 -3.46945e-18 15.7 0
909 1 2.74096 -3.46945e-18 15.7 0
910 1 2.43411 -3.46945e-18 15.7 0
911 3 1.97515 -3.46945e-18 15.7 0
912 3 1.36125 -3.46945e-18 15.7 0
913 2 0.451395 -3.46945e-18 15.7 0
914 2 0.451395 -3.46945e-18 16.1 0
915 3 1.36125 -3.46945e-18 16.1 0
916 3 1.97515 -3.46945e-18 16.1 0
917 1 2.43411 -3.46945e-18 16.1 0
918 1 2.74096 -3.46945e-18 16.1 0
919 1 3.04877 -3.46945e-18 16.1 0
920 1 3.36055 -3.46945e-18 16.1 0
921 3 3.81672 -3.46945e-18 16.1 0
922 1 4.27196 -3.46945e-18 16.1 0
923 1 4.57688 -3.46945e-18 16.1 0
924 1 4.89139 -3.46945e-18 16.1 0
925 1 5.2038 -3.46945e-18 16.1 0
926 3 5.66328 -3.46945e-18 16.1 0
927 3 6.27485 -3.46945e-18 16.1 0
928 2 7.18714 -3.46945e-18 16.1 0
929 1 0 -3.46945e-18 16.3 0
930 3 0.461121 -3.46945e-18 16.3 0
931 2 1.37843 -3.46945e-18 16.3 0
932 4 2.90326 -3.46945e-18 16.3 0
933 4 4.72477 -3.46945e-18 16.3 0
934 2 6.2442 -3.46945e-18 16.3 0
935 3 7.16581 -3.46945e-18 16.3 0
936 1 7.6359 -3.46945e-18 16.3 0
937 1 7.6359 -3.46945e-18 17.1 0
938 3 7.16581 -3.46945e-18 17.1 0
939 2 6.2442 -3.46945e-18 17.1 0
940 4 4.72477 -3.46945e-18 17.1 0
941 4 2.90326 -3.46945e-18 17.1 0
942 2 1.37843 -3.46945e-18 17.1 0
943 3 0.461121 -3.46945e-18 17.1 0
944 1 0 -3.46945e-18 17.1 0
945 2 7.18714 -3.46945e-18 16.9 0
946 3 6.27485 -3.46945e-18 16.9 0
947 3 5.66328 -3.46945e-18 16.9 0
948 1 5.2038 -3.46945e-18 16.9 0
949 1 4.89139 -3.46945e-18 16.9 0
950 1 4.57688 -3.46945e-18 16.9 0
951 1 4.27196 -3.46945e-18 16.9 0
952 3 3.81672 -3.46945e-18 16.9 0
953 1 3.36055 -3.46945e-18 16.9 0
954 1 3.04877 -3.46945e-18 16.9 0
955 1 2.74096 -3.46945e-18 16.9 0
956 1 2.43411 -3.46945e-18 16.9 0
957 3 1.97515 -3.46945e-18 16.9 0
958 3 1.36125 -3.46945e-18 16.9 0
959 2 0.451395 -3.46945e-18 16.9 0
960 2 0.451395 -3.46945e-18 16.5 0
961 3 1.36125 -3.46945e-18 16.5 0
962 3 1.97515 -3.46945e-18 16.5 0
963 1 2.43411 -3.46945e-18 16.5 0
964 1 2.74096 -3.46945e-18 16.5 0
965 1 3.04877 -3.46945e-18 16.5 0
966 1 3.36055 -3.46945e-18 16.5 0
967 3 3.81672 -3.46945e-18 16.5 0
968 1 4.27196 -3.46945e-18 16.5 0
969 1 4.57688 -3.46945e-18 16.5 0
970 1 4.89139 -3.46945e-18 16.5 0
971 1 5.2038 -3.46945e-18 16.5 0
972 3 5.66328 -3.46945e-18 16.5 0
973 3 6.27485 -3.46945e-18 16.5 0
974 2 7.18714 -3.46945e-18 16.5 0
975 1 0 -3.46945e-18 16.7 0
976 3 0.461121 -3.46945e-18 16.7 0
977 2 1.37843 -3.46945e-18 16.7 0
978 4 2.90326 -3.46945e-18 16.7 0
979 4 4.72477 -3.46945e-18 16.7 0
980 2 6.2442 -3.46945e-18 16.7 0
981 3 7.16581 -3.46945e-18 16.7 0
982 1 7.6359 -3.46945e-18 16.7 0
983 1 7.6359 -3.46945e-18 17.5 0
984 3 7.16581 -3.46945e-18 17.5 0
985 2 6.2442 -3.46945e-18 17.5 0
986 4 4.72477 -3.46945e-18 17.5 0
987 4 2.90326 -3.46945e-18 17.5 0
988 2 1.37843 -3.46945e-18 17.5 0
989 3 0.461121 -3.46945e-18 17.5 0
990 1 0 -3.46945e-18 17.5 0
991 2 7.18714 -3.46945e-18 17.3 0
992 3 6.27485 -3.46945e-18 17.3 0
993 3 5.66328 -3.46945e-18 17.3 0
994 1 5.2038 -3.46945e-18 17.3 0
995 1 4.89139 -3.46945e-18 17.3 0
996 1 4.57688 -3.46945e-18 17.3 0
997 1 4.27196 -3.46945e-18 17.3 0
998 3 3.81672 -3.46945e-18 17.3 0
999 1 3.36055 -3.46945e-18 17.3 0
1000 1 3.04877 -3.46945e-18 17.3 0
1001 1 2.74096 -3.46945e-18 17.3 0
1002 1 2.43411 -3.46945e-18 17.3 0
1003 3 1.97515 -3.46945e-18 17.3 0
1004 3 1.36125 -3.46945e-18 17.3 0
1005 2 0.451395 -3.46945e-18 17.3 0
1006 2 0.451395 -3.46945e-18 17.7 0
1007 3 1.36125 -3.46945e-18 17.7 0
1008 3 1.97515 -3.46945e-18 17.7 0
1009 1 2.43411 -3.46945e-18 17.7 0
1010 1 2.74096 -3.46945e-18 17.7 0
1011 1 3.04877 -3.46945e-18 17.7 0
1012 1 3.36055 -3.46945e-18 17.7 0
1013 3 3.81672 -3.46945e-18 17.7 0
1014 1 4.27196 -3.46945e-18 17.7 0
1015 1 4.57688 -3.46945e-18 17.7 0
1016 1 4.89139 -3.46945e-18 17.7 0
1017 1 5.2038 -3.46945e-18 17.7 0
1018 3 5.66328 -3.46945e-18 17.7 0
1019 3 6.27485 -3.46945e-18 17.7 0
1020 2 7.18714 -3.46945e-18 17.7 0
1021 2 1.37843 -3.46945e-18 17.9 0
1022 4 2.90326 -3.46945e-18 17.9 0
1023 4 4.72477 -3.46945e-18 17.9 0
1024 2 6.2442 -3.46945e-18 17.9 0